HEDERA_OPERATOR_ID=0.0.4866243
HEDERA_OPERATOR_KEY=3030020100300706052b8104000a0422042004ec5a87ee115c0d8712e3891531c18f49332fbcc2d23ac5172362f0a4cc2821
HEDERA_CONSUMER_CONTRACT_ID=0.0.4984347
HEDERA_MARKET_CONTRACT_ID=0.0.4984726
HEDERA_COMPANY_CONTRACT_ID=0.0.4984730
MONGO_URI = "mongodb+srv://hackharvard:hackharvard123@cluster0.fzcfu.mongodb.net/"